4.2670
151.2670
154.2669
212.2669
283.2669
332.2669
377.7669
383.2669
546.2669
772.2669
982.2669
1028.7668
1054.7668
1087.2668
1126.2667
1198.2667
1264.7667
1345.2667
1531.7667
1556.7667
1698.7667
1716.7667
1779.7666
1847.2666
1978.2666
2066.7666
2190.7665
2226.2665
2307.2665
2624.7665
2675.7665
2710.2665
2732.2665
2740.7665
2906.2665
3016.7664
3088.7664
3112.7664
3237.2664
3293.2664
3422.7663
3631.2663
3706.2663
3784.2663
3888.7663
4038.7663
4042.2663
4065.2663
4183.7663
4274.7663
4329.2663
4331.2663
