0
12.5
20.5
145.5
208
235
240.4999
294.9998
356.4998
369.9998
410.9998
548.34
575.3399
588.3399
677.8399
752.3399
762.3399
831.3399
857.8399
868.3399
900.8399
947.8399
1009.8399
1022.3399
1093.3399
1136.3399
1172.3399
1191.3399
1203.8399
1278.3399
1372.3399
1472.3399
1536.8399
1683.3399
1744.3399
1876.3399
2094.8399
2158.8399
2322.8399
2366.3399
2459.3399
2538.3399
2598.3399
2611.8399
2642.3399
2677.3399
2750.8399
2807.3399
2977.8399
3082.8399
3103.3399
3118.3399
3138.8399
3191.3399
3300.8399
3303.8399
3364.8399
3431.8399
3573.3399
3623.3399
3697.8399
3737.8399
3787.8399
4031.3399
4102.3399
4264.3399
4294.8399
4413.8399
4548.3399
4620.8399
4696.8399
4702.3399
4762.8399
4855.8399
4891.3398
4915.8398
4934.3398
5002.3398
5024.8398
