0
23.1666
84.3333
92.8333
101.3333
101.8333
110.3333
111.3333
275.5333
318.8666
515.3666
577.3666
660.8666
688.3666
722.8666
755.3666
789.3666
851.5333
1127.7
1159.1999
1225.1999
1306.6999
1326.6999
1341.6999
1419.6998
1498.1998
1539.1997
1651.6997
1693.1997
1813.1997
1874.1997
1963.6997
2003.1997
2022.6997
2130.1997
2184.6997
2323.6997
2332.1997
2395.6997
2405.1997
2433.1997
2456.6997
2549.1997
2602.6997
2638.6997
2945.6997
2959.6997
3038.1997
3085.6996
3103.6996
3118.1996
3157.1996
3264.1996
3306.1996
3336.1996
3417.6996
3466.6996
3573.6996
3673.1996
3694.1666
3722.6666
3775.6666
3845.6666
3908.1666
3955.6666
3996.1666
4052.1666
4126.1666
4184.6666
4218.6666
4236.1666
4271.1666
4331.1666
4358.6666
4410.1666
4484.1666
4525.1666
4569.1666
