25.1249
42.6249
71.5846
102.5845
128.5845
161.0845
244.5845
252.5844
314.0844
337.5844
358.0844
387.5843
398.0843
419.0843
458.5843
474.5843
536.0843
607.6506
695.1506
1245.9348
1281.9347
1334.4347
1393.9347
1445.9347
1461.9346
1468.4345
1481.4345
1519.9345
1565.9345
1617.4345
1692.9344
1705.4344
1764.9344
1784.9344
1825.9344
1843.4344
1871.4344
1916.9344
1942.4344
1973.4344
2110.9344
2120.4344
2147.4344
2205.4344
2243.4344
2269.4343
2338.9343
2424.4342
2520.9342
2698.4342
2718.9341
2802.4341
2842.9341
2869.9341
3134.9341
3182.9341
3289.9341
3320.9340
3399.9339
3449.9339
3464.9338
3491.4338
3516.4338
3542.9338
3569.4338
3602.4338
