122.8096
125.0711
242.5036
416.6881
662.0150
738.3174
774.2325
798.3835
816.8684
851.1284
868.4064
1021.3240
1144.2250
1263.8764
1509.5762
1554.9570
1595.4007
1608.1579
1706.6046
1717.7846
1804.9851
1874.5127
1958.8849
2068.9858
2163.1075
2228.5904
2267.3993
2364.9533
2419.5456
2716.2764
2747.6110
2821.7019
2883.9573
2913.5705
2924.1566
3002.4373
3297.7436
3342.8299
3373.2289
3452.5978
3572.9005
3578.6455
3585.3570
3659.4858
3737.0704
3778.8098
3782.9529
3788.7574
3802.2577
3867.0126
3939.4203
3954.5054
4018.0836
4046.2948
4066.1148
4092.3848
4099.0200
4149.7090
4175.2499
