59.9203
108.7093
190.0459
315.0701
349.2732
389.2834
523.8971
542.9457
550.5813
553.0813
558.9669
562.5123
565.3190
577.8912
583.8165
603.2477
608.7477
614.9467
634.0466
711.2270
786.0205
796.7069
914.6134
917.1133
920.1133
922.6133
927.1133
957.1133
1021.3317
1048.9984
1070.2267
1342.6340
1346.7288
1350.3392
1355.4285
1359.5392
1379.4662
1414.0216
1427.9572
1454.0997
1570.4610
1580.4501
1600.5980
1702.1517
1707.8466
1714.7182
1732.4135
1772.3367
1809.8223
1816.2448
1819.0224
1831.8658
1883.2904
1915.8491
2174.3922
