4.2628
135.4078
143.7596
510.1726
546.3471
668.6419
677.5558
747.4449
1088.7222
1174.8867
1345.3823
1361.0589
1389.1072
1414.3796
1582.8158
1585.7979
1758.2484
1988.9181
2018.4064
2032.1341
2056.6206
2141.7896
2171.1779
2474.4386
2521.0675
2545.6164
2650.4240
2699.4796
2732.3919
2871.7241
2877.2849
2975.0460
3214.4111
3286.9763
3344.0091
3419.5037
3484.4394
3556.2718
3612.3832
3684.6639
3719.8148
3743.4307
3750.6144
3853.1421
3876.6020
3893.3863
3932.5227
4012.6154
4016.4005
4038.8821
4048.9532
