29.4876
68.9876
148.4876
196.4876
340.4876
407.4876
443.9876
644.4876
770.9876
824.9876
894.6851
964.1851
996.1851
1027.6851
1110.1851
1164.6850
1251.6850
1326.1850
1467.1850
1499.1850
1553.6850
1657.6850
1702.6850
1751.6850
1758.6850
1846.6850
1886.1850
1939.1850
2025.6850
2100.1850
2177.1850
2262.1850
2274.6850
2300.1850
2366.1850
2413.6850
2488.6850
2523.1850
2534.1850
2614.1850
2791.6849
2983.1849
3070.1849
3133.6849
3220.6849
3288.6849
3304.6849
3317.1849
3324.1849
3382.6849
3416.6849
3439.1849
3452.1849
3461.6849
3470.1849
3486.6849
3492.6849
3498.1849
3512.1849
3518.1849
3520.6849
