161.2649
180.2649
211.2649
232.7649
253.2648
297.2648
326.2648
356.7648
387.7647
405.2647
461.7647
488.7647
514.7647
536.2647
594.2647
704.7647
795.2647
954.2647
1144.2647
1160.2646
1250.2646
1314.7645
1457.7645
1913.1051
1932.1050
1933.1050
1985.1049
2029.6049
2102.6049
2145.6049
2182.1049
2217.6049
2223.1048
2300.6048
2423.1048
2506.1048
2582.6048
2645.6048
2719.6048
2783.6048
2875.6048
2891.1047
2962.1047
3035.6047
3101.6047
3286.6046
3728.4367
3777.4367
3787.4366
3816.4366
3919.9366
3976.4366
4010.4366
4032.9365
4067.4365
4082.4364
4134.9363
4140.4363
