17.9029
204.8525
355.6742
401.6934
452.8632
482.3071
581.3041
636.5740
705.2560
722.4558
752.2270
821.7267
851.2376
962.0209
1069.0825
1148.2377
1173.9926
1238.6455
1260.4813
1324.9928
1377.4166
1410.5090
1430.7264
1435.3171
1539.2374
1583.9090
1618.7359
1642.2265
1661.4014
1788.6735
1996.6007
2061.4548
2081.4744
2114.6561
2162.5628
2190.1341
2258.4663
2354.2070
2488.6620
2579.5423
2702.7935
2714.2314
2727.1665
2752.1359
2772.3979
2829.0051
2844.8398
2877.5106
3037.8094
3159.0437
3251.2590
3295.5992
3320.8346
3380.7127
3455.4072
3496.2769
3527.3862
3601.2453
3641.9379
3678.1886
3714.6235
3754.2559
3801.0955
3842.5884
3869.2664
3885.9035
3974.2209
3988.3432
4056.0936
4089.5130
4130.4230
4218.4429
4290.2013
4309.3991
4396.7631
4417.1871
