29.9671
73.4671
186.4671
356.9671
419.9671
519.9670
565.9670
588.9669
649.9669
681.9668
694.4668
752.4667
886.4667
957.9667
998.9667
1138.9667
1210.4667
1300.4667
1394.9667
1429.4666
1475.4666
1527.9665
1555.9665
1655.4665
1777.9665
1868.9665
1941.4665
2027.9665
2129.9665
2231.4665
2298.4664
2328.9664
2340.4664
2359.4664
2538.4664
2559.9664
2604.4664
2650.9664
2688.4664
2755.4664
2888.9663
2964.9663
3075.9663
3151.4663
3269.9663
3345.4663
3393.9663
3471.4663
3503.4662
3577.4662
3582.4662
3594.4662
