5.3069
32.3069
60.8069
100.3069
138.8069
167.8069
194.3069
220.8069
275.8068
356.8068
372.8068
460.8068
491.3068
560.3068
584.3068
637.3068
735.3067
776.8067
825.3067
923.3067
957.3067
1008.8066
1042.8066
1066.3066
1137.3066
1257.3066
1278.3066
1393.8066
1430.3066
1459.3066
1531.3066
1594.3065
1651.8065
1719.8065
1735.8065
1769.3065
1791.8065
1852.8065
1913.3065
1999.8064
2067.3064
2176.3064
2209.3063
2283.8063
2333.8063
2403.8063
2444.3063
2513.8063
2557.3063
2599.3063
2643.8063
2696.3063
2743.8063
2811.3062
2853.3062
2884.8062
2931.3062
2954.3062
2987.8062
3014.3062
3045.8062
