13.3645
36.4098
81.1531
102.0849
270.4745
290.6917
318.5777
374.9995
389.4957
430.7928
458.7358
475.6272
505.8798
549.7175
576.8008
610.1141
645.3162
686.9177
722.3995
748.9800
762.1211
781.6932
826.8514
857.9717
899.8317
925.7894
969.0547
975.8535
978.3535
1007.2288
1035.3343
1055.1902
1072.8762
1092.7890
1116.5298
1157.6129
1233.0174
1267.8310
1286.1018
1302.2025
1319.9692
1330.6831
1355.8644
1382.7857
1408.4815
1429.5789
1437.6613
1450.0068
1460.7710
1480.8351
1505.3681
1548.3106
1570.1078
1596.9942
1657.6505
1687.9460
1721.9666
1758.9840
1783.2841
1817.6780
1853.1188
1902.7389
1903.4976
1946.7330
1975.8552
2013.2608
2030.7514
2049.1528
2075.1570
2094.0074
2122.8367
2146.4948
2167.4766
2192.7736
2205.1187
2294.7889
2342.2561
2371.111
2400.1164
2412.1468
2461.5720
2489.0530
2508.8047
2572.9876
2600.2699
2634.9763
2650.1860
2685.5827
2730.1579
2749.3726
2766.1552
2806.4672
2847.7516
2875.5705
2912.5680
2925.6238
2981.5369
3020.0589
3079.7741
3107.7187
3151.8089
3201.2853
3247.4312
3285.1861
3354.1803
3371.0256
3395.8230
3418.3209
