4.5
71
82.5
133.5
285
372.5
429
617.5
632.9999
756.9999
917.9999
1105.4999
1201.9999
1291.4999
1307.9999
1423.833
1496.667
1821.167
1895.167
2002.167
2012.167
2054.167
2064.167
2317.6669
2320.1668
2395.1668
2423.6668
2494.1668
2521.1668
2540.1667
2583.6667
2870.6667
3025.1667
3177.6667
3183.1667
3211.1667
3219.1667
3322.1667
3380.1667
3433.6667
3683.166
3910.666
3980.166
4049.166
4062.666
4173.666
4184.666
4299.166
4322.666
4432.666
4455.166
4463.666
4625.666
4641.166
4662.166
4669.166
4678.166
4712.6659
4748.1659
4799.6659
4804.6659
4813.601
