41.2071
68.2071
117.7071
328.998
397.998
558.059
695.652
734.152
823.652
868.652
947.431
1136.992
1240.273
1273.773
1306.273
1328.773
1381.773
1524.273
1646.773
1751.773
1807.273
1907.773
1941.273
2044.773
2051.273
2059.773
2145.273
2163.773
2224.273
2291.273
2311.273
2440.273
2456.273
2497.015
2772.232
2842.2319
2881.2319
2893.7318
2917.2318
2941.7318
2957.7318
2972.7318
3032.7318
3118.2317
3518.2860
3606.2860
3679.7860
3751.7860
3764.2860
3818.2860
3908.2860
3967.7860
4029.2860
4057.2860
4117.7860
4134.2860
4260.7860
4271.2860
4425.2860
4507.2860
4570.2860
4579.7859
4581.7858
4584.2858
4584.7858
4585.7858
4588.53
