5.2546
102.2546
108.2545
233.7545
357.7545
393.2545
399.7545
608.2558
702.8572
717.3572
1227.3571
1352.8571
1445.8571
1623.3570
1809.8570
1850.8570
1851.3570
1874.3570
1904.8570
1921.8570
1934.8570
1961.8569
1970.8568
1996.8567
2441.8022
2453.8022
2525.3022
2739.8022
2784.4604
2802.4604
2825.9604
2834.9603
2930.9603
2951.9603
2952.9603
2959.9603
2963.9602
2967.4602
2968.9601
2970.9600
2971.9599
2978.9599
3047.4599
3094.9599
3288.9599
3369.4599
3490.4598
3536.4598
3572.4598
3726.4598
3807.9597
3822.4597
3823.9597
3828.4597
3829.9597
3848.9597
4023.4597
4041.9597
4072.9597
4080.9596
4083.4595
4130.9595
