0
7
40
102.3424
238.4288
350.6669
443.5
540.833
607.167
781.833
831.3329
871.4420
894.9420
995.333
1033.833
1108.833
1256.833
1312.3329
1319.3329
1322.3329
1367.8329
1432.333
1559.167
1644.5
1648.9999
1654.9999
1671.4998
1677.4998
1681.4998
1691.9998
1743.4998
1807.4998
1889.4998
1921.9998
2039.9998
2186.9998
2233.9998
2242.9998
2307.4998
2470.4998
2484.9997
2493.4997
2502.4997
2561.9997
2605.4997
2643.9997
2797.9997
2806.4997
2986.4997
3060.4997
3113.4997
3191.4997
3299.4997
3335.9997
3342.4996
3359.9996
3363.4996
3371.9996
3528.4996
3532.4996
3534.4996
3540.9996
3570.4996
3595.9996
3902.4996
3947.4996
3947.9996
3959.9996
4007.4996
4078.4996
4111.4996
4119.4996
4145.4996
4161.9996
4173.9996
4347.9996
4381.9996
4384.4996
4387.4996
4443.4996
4458.9996
4584.4996
