6.5496
105.5496
110.5495
355.0495
358.5495
371.5494
416.5494
419.0494
426.5494
460.0494
476.5494
491.5493
500.0493
514.5493
515.0492
517.0492
517.5492
542.5492
691.0492
708.5492
762.0492
850.5492
1043.0492
1078.5491
1241.0491
1517.5491
1526.5490
1536.5490
1548.5489
1687.5489
1758.5489
1794.0489
1801.0489
1838.5489
1966.5489
2095.0489
2182.5489
2335.0489
2406.5489
2452.5488
2651.0488
2660.0487
2752.0487
2880.5487
2983.5486
2992.5486
3061.5485
3082.0485
3167.5485
3289.0485
3339.0484
3342.0483
3346.5482
3376.0482
3442.5482
3506.0482
3544.5482
3575.5482
3619.5482
3660.5482
3687.0481
3705.0481
3770.5481
3975.5481
4152.262
