16.1645
28.6645
74.9966
87.9965
93.4965
131.9965
133.4965
134.4965
165.4965
176.9965
188.9965
230.4965
252.4965
268.4965
311.9965
340.9965
360.4965
367.9965
403.9965
461.4965
641.4964
697.9964
732.4964
773.4964
800.4963
850.9963
880.9963
933.4963
961.9963
973.4962
987.4962
999.4962
1011.4962
1035.4962
1041.9962
1053.9961
1057.9961
1061.4961
1094.4961
1109.9961
1115.4960
1140.9960
1159.4960
1176.9960
1208.9960
1228.4959
1236.4958
1241.9958
1271.4958
1296.9958
1335.9958
1349.4958
1386.9958
1407.4958
1414.9958
1416.4958
1420.9958
1471.4958
1497.9958
1511.9957
1520.9957
1525.9956
1593.4956
1632.9956
1666.9956
1679.4956
1717.9956
1747.4956
1778.4956
1794.9956
1803.4955
1821.4954
1867.4954
1890.9954
1904.4954
1914.4954
1920.4954
1939.4954
