5.8958
46.7023
109.2023
135.2023
189.7023
218.7023
270.7023
309.2023
342.7023
378.7023
459.7022
481.2022
518.2022
569.2022
638.2022
675.2022
712.7022
754.2022
830.2022
885.2022
911.7022
927.2021
947.7021
1015.2021
1075.2021
1105.2021
1220.7021
1327.7021
1392.2021
1441.2020
1552.6282
1606.1282
1627.1282
1655.6282
1736.3152
1776.2639
1815.2639
1859.7639
1890.7639
1922.2639
2002.2639
2034.7638
2096.2638
2148.2638
2176.7638
2198.7638
2228.7637
2266.7637
2304.2637
2330.2637
2386.2637
2432.2636
2462.2636
2553.7635
2677.2635
2713.7635
2738.7635
2781.7635
2815.7635
2847.7634
2875.7634
2887.7634
2924.7634
2954.7634
2972.2634
