24.5
102.1164
167.6164
208.6164
265.1164
327.6164
398.6164
423.1163
462.6163
480.6163
497.1163
529.6163
559.1163
596.1163
655.6163
755.1163
821.6163
939.6163
965.6163
1015.1163
1052.6163
1101.1163
1154.1163
1229.6163
1343.1163
1534.1163
1584.6163
1835.1162
2032.1492
2061.1492
2087.6492
2103.1491
2114.1490
2141.1489
2163.1489
2178.6489
2222.1489
2269.6489
2289.1489
2331.6489
2354.1488
2386.1488
2394.1487
2406.1487
2427.1487
2435.6487
2455.1487
2491.6487
2516.1487
2528.6486
2642.1486
2662.6485
2708.1485
2742.1485
2776.6484
2814.1484
