6
100.167
213.167
497.5
556.833
655.167
680.833
786.667
955.667
999.833
1209.833
1223.833
1360.167
1446.167
1468.167
1533.667
1744.167
1878.167
1975.833
2043.167
2155.833
2163.5
2201.7680
2236.667
2284.167
2284.1669
2327.1668
2379.6668
2425.833
2451.6480
2546.1480
2546.6480
2547.1480
2592.167
2593.667
2629.167
2696.666
2756.5
2793.333
2800.333
2840.5
2868.833
2906.8329
2966.8329
3004.3329
3018.3329
3046.8329
3067.8328
3227.333
3267.8329
3381
3432
3521.666
3533.1659
3565.1659
3628.1659
3734.833
3759.166
3905.666
4022
4120.833
4187
4229.5
4331.333
4437
4473.8422
4482.666
4521.5
4532.4999
4748
4768.666
4777.666
4856.166
4862.666
4873.166
4875.666
4876.1659
4876.6659
4877.1659
4877.6659
4878.1659
