10.9065
19.9065
220.8356
261.3356
298.8356
318.8356
381.8356
397.3355
415.8355
461.3355
503.8355
545.3354
574.8354
596.8354
656.8354
757.3354
801.3354
828.3353
879.3353
892.8352
911.8351
982.3351
1017.8350
1042.3350
1097.8350
1126.3350
1162.8349
1224.8348
1249.3347
1320.8347
1367.3347
1434.3347
1490.3347
1510.8347
1719.3347
1721.8346
1743.3346
1775.3346
1823.8346
1880.8346
1898.8346
1967.8346
2018.8346
2032.8345
2036.8344
2059.8344
2198.3343
2251.3342
2358.8342
2416.3342
2448.8342
2582.8341
2653.8341
2737.8341
2751.8340
2817.8339
2892.8338
2902.3337
2911.3336
2934.3336
2975.8336
2990.3336
