157.9194
235.9621
288.2513
340.0937
401.0739
420.5352
517.6844
685.9397
727.6906
845.2603
986.5051
1043.9242
1125.7084
1180.8932
1257.1552
1297.9513
1342.2342
1372.6495
1429.6378
1458.7271
1557.4101
1641.2299
1721.4173
1784.7524
1858.2935
1954.0697
1982.6862
2019.5012
2091.3010
2113.5108
2169.2803
2354.9628
2506.4806
2589.2987
2649.1620
2807.3902
2839.7554
2914.0648
2957.7394
2997.0014
3027.0809
3043.3660
3064.8749
3085.4261
3131.8408
3194.7549
3267.2780
3359.8355
3459.6556
3467.6633
3607.3088
3685.2844
3744.5125
3837.7584
3990.6669
