244.3090
370.3090
430.8090
482.8090
538.3090
560.3090
609.8090
664.8090
746.3090
865.3090
970.3089
1058.3089
1303.3651
1406.3651
1454.8651
1487.8650
1543.8650
1640.8650
1732.8650
1864.8650
1915.3649
1959.3649
2025.8649
2174.3649
2275.3649
2414.3649
2473.8649
2567.3649
2657.8649
2735.8649
3056.3648
3137.8648
3224.8647
3316.3647
3490.3646
3912.8645
3998.3644
4029.8644
4216.3644
4247.3644
4299.3644
4369.8643
4416.8643
4522.3642
4629.8642
4723.8642
4762.8642
4867.9462
4984.4461
5020.4461
5096.9461
5165.4461
5355.9461
5445.4460
5483.9460
5515.9460
5607.9460
5636.4460
5658.9460
5719.9460
5777.4460
5874.9460
5919.9460
5932.9459
5986.4459
6046.4458
6079.4458
6128.9458
6235.4458
6318.9458
6349.9458
6383.4458
6461.9458
6532.4458
6554.9458
6631.4458
6651.4458
6691.4458
6713.4458
6799.4458
6842.9458
