353.8290
463.3290
622.3290
771.3290
982.8290
1027.8290
1088.3290
1114.8290
1232.3290
1261.8290
1303.3290
1393.8290
1455.3290
1587.8290
1652.3290
1689.8290
1741.3290
1780.8290
1840.8290
1900.8290
1940.8290
1975.3290
2023.3290
2076.8290
2135.8290
2197.3290
2340.8290
2382.3290
2573.3290
2683.8290
2775.3290
2824.3290
2947.3290
3035.3290
3084.8290
3192.3290
3243.8290
3384.3289
3453.3289
3473.3289
3542.3289
3643.8289
3690.8289
3770.8288
3807.3288
3838.8288
3889.3288
3960.3288
4058.3288
4109.8288
4193.3288
4250.3288
4299.8288
4350.3288
4402.8288
4459.3288
4519.8288
4541.8288
4577.8288
4693.8288
4730.8288
4809.3288
4861.8288
4999.8288
5098.3288
5128.8288
