9.0671
50.0671
172.1459
175.6459
227.6459
322.1459
390.6459
486.1458
548.1458
598.1458
609.1457
611.6457
648.1457
715.6457
798.6456
1026.6456
1157.1456
1162.6456
1354.1455
1488.6455
1600.6455
1658.6455
1740.6454
1844.6454
1846.1454
1846.1454
1905.6453
1926.1453
1937.1453
1958.6453
1977.6453
1999.1453
2014.6453
2034.6453
2056.6452
2088.6452
2104.1452
2138.6452
2205.6451
2261.6451
2318.6450
2332.6449
2400.6449
2437.6448
2488.1448
2516.1448
2535.1448
2548.6448
2684.1448
2723.6448
2728.1447
2731.1447
2890.1447
2892.1446
2921.958
