354.1647
463.6995
622.3104
771.2393
983.0185
1088.5568
1232.4433
1261.7744
1303.2744
1393.7744
1455.4792
1587.9792
1652.5825
1690.0825
1741.5825
1780.5825
1841.0825
1900.5825
1941.0825
1975.5825
2023.5825
2077.0825
2136.0825
2197.5825
2382.5825
2573.5825
2683.5825
2775.0825
2824.5825
2947.0825
3035.0825
3085.0825
3192.5825
3244.0825
3384.5825
3453.5825
3473.4737
3542.4737
3643.9737
3690.9737
3770.4737
3807.4737
3838.9737
3889.4737
3960.4737
4058.4737
4109.9737
4192.9737
4250.4737
4299.9737
4350.4737
4402.9737
4459.4737
4519.9736
4541.9736
4577.9735
4693.9735
4730.9735
4809.4735
4861.9735
4999.9735
5098.4735
5128.9735
