116
207.5
299
368.5
429
536.5
605.5
666.5
753.5
861
921.5
1006.5
1131.5
1263.5
1324.5
1411
1476
1517
1570.5
1582.5
1603
1629.5
1688.5
1732
1781
1825
1878.4999
1954.4999
1998.4999
2031.4999
2116.9999
2164.9999
2201.4999
2228.9999
2307.4999
2350.9999
2406.9999
2416.9999
2442.9999
2484.4999
2575.4999
2720.9999
2773.4999
2845.4999
2870.9999
2909.9999
2970.9999
3029.9999
3079.9999
3100.4999
3150.4999
3258.4999
3289.4999
3386.9999
3457.4999
3523.4999
3655.9999
3690.9999
3775.9999
3838.4999
3918.9999
4276.4999
