8.4154
44.8066
99.2300
160.5249
196.2961
224.9366
283.0523
316.308
340.9336
364.8137
450.3528
488.0201
551.8510
617.5004
696.1516
777.6028
824.8027
838.2381
871.9998
883.9723
945.5875
1014.6775
1027.4707
1081.0173
1150.4349
1173.7762
1209.1233
1264.8911
1315.0437
1347.9536
1421.0271
1438.1195
1459.2086
1488.8870
1523.7570
1588.7756
1784.1989
1874.9661
1918.5232
1979.9015
2038.8250
2124.9781
2148.0641
2208.1843
2285.4422
2331.0713
2470.5883
2542.6173
2585.5254
2657.2932
2759.0163
2841.0522
2856.7369
2882.8715
2913.4868
2921.0779
2937.2721
2992.4841
3020.0541
3029.4522
3044.3238
3061.3750
3121.8811
3152.1663
3169.2830
3208.1737
3220.7915
3234.7934
3272.4641
3301.8305
3325.0899
3393.7758
3419.7748
3455.3564
3488.3499
3511.1079
3556.3621
3588.9341
3607.0950
3627.2788
3673.9764
3700.1391
3719.1275
