159.5999
172.8199
186.3199
198.8199
253.8199
373.76
385.76
404.2599
490.7598
490.7597
538.7596
607.2596
648.2595
683.7595
733.92
800.9199
810.4199
846.4199
864.9199
954.9894
976.4894
976.4894
976.4893
1017.4893
1085.9893
1117.9893
1193.4893
1223.9893
1339.4893
1373.9893
1476.9893
1524.4893
1550.4893
1583.4893
1601.4893
1656.9892
1677.9892
1690.4892
1719.4892
1817.4892
1817.4892
1860.4892
1931.9892
1963.9892
1999.9892
2062.4891
2123.9891
2185.4891
2234.9890
2278.9890
2299.9890
2327.4890
2387.4890
2409.9890
2461.9890
2585.9890
2607.9890
2669.9890
2761.4890
2871.9890
2871.9889
2931.9889
3021.9889
3104.9889
3240.4889
3272.9889
3299.9889
3373.4889
3388.4889
3470.9888
3494.4888
3509.4888
3570.9888
3575.4888
3638.9888
3690.9888
3778.9888
3798.4888
3934.9888
