193.6532
282.6532
426.9900
544.4968
616.3035
791.1277
888.1277
967.1709
1029.1709
1132.1709
1212.6709
1256.1709
1301.1709
1445.1709
1544.1709
1574.6709
1620.6709
1671.6709
1742.6110
1808.6110
1880.1110
1940.1110
1994.6110
2024.1110
2065.2517
2092.2517
2148.4917
2193.1940
2235.1940
2301.1940
2360.1940
2419.6940
2489.9231
2565.4231
2635.3888
2721.8888
2848.9256
2919.0104
3012.2449
3057.3365
3102.3365
3156.8365
3333.8365
3398.8365
3459.8365
3485.8365
3558.8365
3665.3365
3746.3365
3788.8365
4051.3365
4092.8365
4215.4246
