132.7332
233.7332
303.2332
364.7332
397.7332
437.7332
458.2332
516.2332
565.7332
600.7332
691.7332
808.7332
982.3180
1006.8180
1025.3180
1043.8179
1064.8179
1082.3179
1100.3178
1128.8178
1195.8178
1246.3178
1295.3178
1415.8178
1449.3177
1543.3177
1591.8177
1682.3177
1726.3176
1780.3176
1861.3176
1965.8176
2055.7905
2107.7905
2142.7905
2152.7905
2202.7905
2358.2905
2410.2905
2471.7905
2502.7905
2587.7905
2638.7904
2690.2904
2737.7903
2809.2903
2847.2903
2898.2902
2978.2902
3036.7902
3099.7902
3167.7902
3264.2901
