258.5738
410.0274
433.0274
495.5274
556.5274
708.0274
890.0274
1050.0274
1247.5274
1301.0274
1394.0274
1434.5274
1522.5274
1655.5274
1692.5274
1783.5274
1873.5274
1924.5274
1968.5274
2089.5274
2306.0274
2380.0274
2424.5274
2474.0274
2530.5274
2610.0274
2687.5274
2844.0274
2881.0274
2959.0274
3041.5274
3096.5274
3254.5274
3390.0274
3420.0274
3581.0274
3641.5274
3725.0274
3960.0274
4003.5274
4151.0274
4216.5274
4273.5274
4330.0274
4434.5274
4483.0274
4510.0274
4555.0274
4582.0274
4605.0274
4647.5274
4787.0274
4872.0274
4903.5274
4918.5274
4974.5274
5102.0274
5124.0274
5173.5274
5229.0274
5273.0274
5319.0274
5476.5274
5528.0274
5660.0274
