25.3924
60.9999
189.9999
207.9999
270.4999
409.4999
437.9999
455.9999
505.4999
524.4999
637.9999
703.4999
743.4999
743.4998
783.9998
874.4998
904.9997
1016.9996
1151.4996
1311.4996
1412.9996
1447.4996
1575.4996
1654.9996
1754.9996
1804.4996
1824.4996
1909.9996
2034.9995
2161.4995
2241.4995
2346.4995
2457.9995
2499.9995
2616.4994
2699.4994
2770.9994
2859.4994
2930.9994
3119.9994
3298.9993
3360.4993
3411.9993
3428.4993
3455.9993
3534.9993
3580.4993
3691.9993
3715.4993
3778.4993
3882.4993
3950.9993
3981.4993
3996.4993
4018.9993
4099.9992
4160.4992
4204.9992
4247.9991
4279.9991
4344.9991
4367.9991
4403.4991
4430.9991
4479.4990
4507.9989
4536.4989
4564.4989
4604.4989
4618.9989
4644.9989
4656.4989
4740.9989
