9.7755
88.3021
181.0678
296.0856
411.5564
436.8206
448.7325
536.7414
583.7698
654.7187
717.033
796.1060
827.0596
886.0179
913.5852
1001.8657
1034.6267
1079.4301
1184.8293
1261.2275
1302.0095
1386.4678
1456.9034
1502.3418
1563.8717
1608.6655
1663.3940
1712.7474
1745.7647
1759.5084
1801.4018
1860.3322
1903.9562
1985.2766
2097.9894
2128.6433
2165.1671
2210.8559
2257.9008
2328.4251
2371.5159
2399.2697
2422.2838
2502.3607
2503.5292
2506.5292
2507.5292
2563.0583
2585.9727
2642.5143
2686.7190
2779.9375
2849.0393
2893.4672
2953.1743
2967.2241
3037.9437
3072.2623
3081.6698
3170.6591
3220.3810
3264.0726
3359.6619
3401.4547
3479.1858
3531.5811
3594.9027
3634.8523
3683.0291
3713.3212
3735.9911
3771.8299
