19
67.5
120
175
204
242.5
265.5
281.5
332
345.5
442
461
474.5
598
614
658.4999
672.9999
751.9999
822.9999
876.4999
919.4999
1122.4999
1152.9999
1195.4999
1229.9999
1248.4999
1297.4999
1345.9999
1379.9999
1420.4998
1482.4998
1535.4998
1703.4998
1817.9998
1853.4998
1906.9998
1941.4998
1981.4998
2014.9997
2031.4997
2165.9997
2203.4997
2244.4997
2261.4997
2344.9996
2536.9996
2548.4996
2555.4996
2641.9996
2661.9996
2706.9996
2715.9996
2822.4995
2854.9995
2880.9995
2944.4995
2968.4994
3047.9994
3093.9994
3144.4994
3201.9994
3262.4994
3286.9993
3318.4993
3398.4993
3457.4993
3492.4993
3540.4993
3948.2666
4004.2665
4079.7665
4128.7665
4231.2665
4261.2665
4527.7665
4587.7664
4621.2664
4700.7664
4731.7664
4804.081
