14.4981
22.4981
459.4981
495.9981
519.9980
522.4980
607.4980
633.4980
811.4980
843.4980
850.4980
941.4980
1022.4980
1124.4980
1164.4980
1215.9980
1287.9980
1310.9980
1323.9980
1412.9980
1470.9980
1512.4980
1570.9980
1637.9980
1833.9980
1854.9980
1915.4980
1978.4980
1990.4980
2105.4980
2148.9980
2159.9980
2272.4980
2329.9980
2344.9980
2417.4980
2472.9980
2523.9980
2603.4980
2643.9980
2712.9980
2816.9980
2873.4980
2972.4980
3091.9980
3150.9980
3182.4980
3318.4980
3319.4980
3378.4980
3392.9979
3451.4979
3504.9979
3606.9979
3663.4979
3753.4979
3753.9979
3754.9979
3818.4979
3927.9979
3955.9979
4059.4979
4155.4979
4185.4979
4247.4979
4263.4979
4374.9979
4387.078
