7.3597
50.3597
113.3597
136.3597
171.3597
188.8597
224.8597
249.3597
279.3597
409.3597
528.3597
580.8597
620.3597
710.3597
750.8597
805.8597
821.8597
841.3597
885.8597
921.3597
950.3597
983.8597
1008.3597
1032.3597
1049.3597
1076.3597
1104.3597
1160.8597
1182.3597
1219.8597
1259.3597
1283.3597
1360.3596
1377.8596
1403.8596
1425.3596
1445.3596
1477.8596
1493.8596
1517.8596
1547.8596
1608.3596
1631.8596
1651.8596
1668.3596
1718.8596
1758.3596
1806.3596
1861.3596
1905.8596
1971.3596
1989.3595
2015.3594
2123.047
