84.0049
175.8318
298.9767
406.3783
500.8478
553.1188
634.5058
682.6654
743.6620
900.8279
970.1659
988.3802
1037.6377
1082.0736
1138.4286
1172.1108
1259.6699
1309.3498
1346.6581
1408.6297
1432.8953
1569.0552
1608.1998
1643.6750
1741.1466
1796.9585
1825.2919
1936.5262
2063.1945
2098.2941
2152.4658
2178.5124
2249.7180
2316.1084
2366.2194
2427.1446
2538.1583
2585.3091
2631.6253
2676.7309
2725.7019
2740.0546
2788.8875
2841.5857
2875.1680
2942.0887
2989.7820
3060.5336
3101.2213
3150.3670
3231.8819
3306.3493
