7.6252
29
132.5
172.3719
218.5209
225.6740
264.0258
320.0771
472.8831
553.0303
805.4177
942.8705
1044.7823
1170.2444
1244.2069
1334.8327
1457.3580
1518.7355
1611.1874
1669.2391
1766.7201
1823.9366
1937.8177
1985.5352
2019.8046
2090.8082
2121.9554
2140.6013
2182.7758
2285.1454
2302.2422
2385.2449
2423.2449
2445.7459
2500.2218
2597.9242
2699.9624
2746.0563
2785.6065
2843.3965
2883.9431
2912.7054
2970.6917
3022.2194
3050.0735
3066.5787
3105.4663
3201.6736
3237.1941
3317.9824
3425.3771
3495.1114
3595.5869
3637.3820
3720.8720
