3.6618
53.6401
68.9563
152.3218
230.9824
299.2734
402.3299
525.1075
702.8446
722.9633
827.9592
831.4601
846.2552
902.5113
906.9226
936.1484
1200.9606
1260.1817
1272.8510
1395.6208
1418.7918
1431.0497
1509.0098
1518.5611
1577.7592
1615.9526
1720.7640
1903.1071
1998.3620
2123.2258
2226.8226
2265.4968
2269.4254
2330.6592
2496.0804
2496.8741
2586.2616
2630.2616
2661.6581
2696.2561
2706.0270
2778.4035
2796.7091
2915.8156
3014.4665
3067.6441
3081.4459
3087.9893
3089.0210
3154.9950
3195.5407
3213.9953
3225.1556
3249.2315
3334.1935
3357.1950
3428.2710
3470.4439
3645.6827
3841.4438
3847.6754
3858.7214
3901.5736
3908.9836
3913.9835
3914.9835
3916.9835
3922.4835
3971.7774
