22.9839
36.9839
85.4839
95.9839
140.9839
172.4839
221.9839
242.4839
251.4838
290.9838
318.4838
351.9838
439.8526
484.8526
511.8526
560.0335
575.5335
629.0335
671.5335
694.0335
740.5335
774.5335
811.5335
857.0335
897.5335
946.5335
972.5334
982.5334
999.0334
1035.5334
1102.5334
1120.0334
1176.0334
1205.5334
1258.5334
1319.5334
1365.5334
1430.0334
1593.8708
1613.8708
1744.9090
1787.9090
1852.9090
1881.9090
1891.9089
1923.9088
1952.4088
1988.9088
2054.4088
2132.4088
2161.4087
2198.4087
2375.9087
2397.9087
2410.9087
2444.9087
2467.4087
2485.9087
2503.4087
2519.4087
2572.4087
2593.9087
2630.9087
2669.9087
2696.9087
2724.4087
2758.9086
2818.4085
2843.4085
2916.4085
