34.6345
172.8143
372.4801
408.8358
540.6162
670.6417
767.6717
799.6600
915.4290
960.9334
997.1781
1031.8956
1041.3937
1151.5828
1235.6291
1289.6898
1373.6502
1409.4470
1472.6337
1481.6163
1511.7311
1623.2534
1794.8679
1920.4819
2011.5358
2068.3363
2117.4052
2155.3621
2168.7298
2200.9570
2227.2025
2252.3476
2279.3145
2280.8145
2285.6258
2294.4625
2294.9625
2295.4625
2295.9625
2297.4625
2444.3303
2461.0738
2509.4128
2510.9128
2547.8833
2691.2533
2704.7857
2734.9463
2763.0267
2811.5010
2942.4321
3047.5591
3100.1727
3145.2881
3292.0634
3426.3799
3604.2797
3690.4769
3737.8248
3812.5615
3935.5059
4015.6052
4114.5698
4163.9039
4195.8893
