153
184.4999
189.9999
215.9999
226.9999
273.9999
296.9999
412.4999
477.9999
622.4999
701.9999
840.9999
933.4999
1002.9999
1030.9999
1115.9999
1159.9999
1176.4999
1247.4999
1324.4999
1359.9999
1398.9999
1481.9999
1524.4999
1548.4999
1594.9999
1596.4999
1642.9999
1688.4999
1715.9999
1769.9999
1778.4999
1796.9999
1826.9999
1875.9999
1886.4999
1886.9999
1887.4999
1924.4999
1981.9999
2027.9999
2029.9999
2034.9999
2056.4999
2184.9999
2219.9999
2307.9999
2371.9999
2389.9999
2434.9999
2470.4999
2556.4999
2578.4999
2602.9999
2669.4999
2770.4999
2818.4999
2860.9999
2907.9999
2922.4999
2972.9999
2999.9999
3001.9999
3103.9999
3174.4999
3275.9999
3365.4999
3431.9999
3519.9999
3537.9999
3584.4999
3624.9999
3692.9999
3881.9999
3893.4999
3905.9999
