6
34
157.9999
280.9999
347.4999
411.4999
457.4999
465.4999
523.4999
646.9999
772.4999
826.9999
845.4999
890.9999
1052.9999
1078.4998
1132.9998
1149.9998
1314.4998
1419.4998
1444.9997
1485.9997
1535.4997
1602.4997
1627.4997
1731.4997
1790.4997
1814.4997
1861.9997
1908.4997
1966.9997
2023.4997
2084.4997
2094.9996
2117.4996
2144.9996
2181.4996
2213.9996
2264.9996
2296.4996
2328.4996
2381.4996
2393.4996
2486.4996
2527.9996
2564.9995
2656.9995
2662.9994
2701.4994
2805.9994
2903.9994
2915.4993
2975.9993
3032.9993
3076.9993
3114.4993
3171.08
